0.1 0.0
0.11297520184516907 0.0
0.12595040369033814 0.0
0.1389256055355072 0.0
0.15190080738067627 0.0
0.16487600922584533 0.0
0.17785121107101443 0.0
0.19082641291618346 0.0
0.20380161476135256 0.0
0.2167768166065216 0.0
0.2297520184516907 0.0
0.24272722029685975 0.0
0.2557024221420288 0.0
0.26867762398719786 0.0
0.28165282583236695 0.006077354133880078
0.29462802767753604 0.1203335570530856
0.3076032295227051 0.7108366076860299
0.3205784313678741 1.6689871340015012
0.3335536332130432 2.3410979887919754
0.3465288350582123 2.5593017449486153
0.3595040369033814 2.4019344211230607
0.3724792387485504 2.0416794832435796
0.38545444059371947 1.701823648051616
0.39842964243888856 1.441612543829996
0.41140484428405766 1.2473545970201838
0.42438004612922664 1.0764129945839516
0.43735524797439573 0.9360865059798784
0.4503304498195648 0.8731481398030191
0.4633056516647339 0.8059605797718794
0.4762808535099029 0.7518302440092345
0.489256055355072 0.7193293168139983
0.5022312572002411 0.6932175420948277
0.5152064590454102 0.713147934209195
0.5281816608905793 0.747818980639779
0.5411568627357483 0.7502521072523264
0.5541320645809173 0.7868442155902577
0.5671072664260864 0.8433248910573016
0.5800824682712555 0.8842469488182
0.5930576701164245 0.9599917338942919
0.6060328719615936 1.0230536882753727
0.6190080738067627 1.0688000959171238
0.6319832756519317 1.1640960087440897
0.6449584774971008 1.191517805289083
0.6579336793422699 1.2093336759690967
0.670908881187439 1.2221085726693008
0.683884083032608 1.2215532863766285
0.696859284877777 1.1758474632185447
0.7098344867229461 1.151411509226507
0.7228096885681152 1.1096036723824754
0.7357848904132843 1.0689341354055772
0.7487600922584533 1.0280041373227833
0.7617352941036224 0.9956258062684649
0.7747104959487915 0.9647503236281458
0.7876856977939606 0.9353521616230596
0.8006608996391296 0.9172310988559882
0.8136361014842987 0.912517332840926
0.8266113033294678 0.9181346871335756
0.8395865051746368 0.9460732416322173
0.8525617070198058 0.9555821542137882
0.8655369088649749 0.9603817355476589
0.878512110710144 0.9667872821322848
0.8914873125553131 0.9816767117847336
0.9044625144004821 0.9910374430070793
0.9174377162456512 1.012220881134099
0.9304129180908203 1.0256945663629995
0.9433881199359894 1.0478720279780598
0.9563633217811585 1.0503675311575433
0.9693385236263274 1.074018522154072
0.9823137254714965 1.0674610025008848
0.9952889273166656 1.0740617877205771
1.0082641291618348 1.0791704911206481
1.0212393310070038 1.059924482130104
1.0342145328521728 1.0358997212244798
1.047189734697342 1.015575821315079
1.060164936542511 1.0051192980403496
1.07314013838768 1.0046365221022537
1.0861153402328492 1.0058514803450391
1.0990905420780182 0.9933020623671388
1.1120657439231874 0.986544747007588
1.1250409457683563 0.9681607841205155
1.1380161476135255 0.9688097774676606
1.1509913494586945 0.9840151129038585
1.1639665513038635 0.9859378336752027
1.1769417531490327 1.002595697646016
1.1899169549942017 0.997185863016096
1.202892156839371 1.0097818390165085
1.2158673586845399 1.0170502798747942
1.2288425605297089 1.0131602420850272
1.241817762374878 1.0238269361980343
1.254792964220047 1.0376756970010563
1.267768166065216 1.03194177163044
1.2807433679103852 1.0171669763551971
1.2937185697555542 1.0247043017193007
1.3066937716007234 1.0181399247081904
1.3196689734458924 1.0064483834019737
1.3326441752910614 1.009253773536185
1.3456193771362306 1.0065871373333248
1.3585945789813996 1.0060724332877413
1.3715697808265688 1.011433657236361
1.3845449826717378 1.0054809181824595
