0.1 0.0
0.10900000000000001 0.0
0.11800000000000001 0.0
0.127 0.0
0.136 0.0
0.14500000000000002 0.0
0.15400000000000003 0.1
0.163 0.68
0.17200000000000001 1.41
0.18100000000000002 1.5
0.19 1.22
0.199 0.82
0.20800000000000002 0.51
0.21700000000000003 0.35
0.226 0.27
0.23500000000000001 0.22
0.24400000000000002 0.23
0.253 0.27
0.262 0.37
0.271 0.52
0.28 0.74
0.28900000000000003 1.04
0.29800000000000004 1.33
0.30700000000000005 1.5
0.31600000000000006 1.55
0.32500000000000007 1.51
0.3340000000000001 1.42
0.343 1.35
0.352 1.23
0.361 1.13
0.37 1.05
0.379 1.02
0.388 1.0
0.397 0.98
0.406 0.98
0.41500000000000004 0.99
0.42400000000000004 1.0
0.43300000000000005 0.98
0.44200000000000006 0.99
0.45100000000000007 0.99
0.4600000000000001 1.0
0.4690000000000001 0.99
0.4780000000000001 0.99
0.4870000000000001 1.0
0.496 1.0
0.505 0.99
0.514 1.01
0.523 1.01
0.532 1.02
0.541 1.02
0.55 1.02
0.559 1.02
0.5680000000000001 1.02
0.5770000000000001 1.01
0.5860000000000001 1.0
0.5950000000000001 1.0
0.604 0.99
0.613 0.99
0.622 0.98
0.631 0.98
0.64 0.99
0.649 0.98
0.658 0.99
0.667 1.0
0.676 1.0
0.685 1.01
0.6940000000000001 1.02
0.7030000000000001 1.02
0.7120000000000001 1.02
0.7210000000000001 1.03
0.7300000000000001 1.03
0.7390000000000001 1.04
0.7480000000000001 1.03
0.757 1.02
0.766 1.01
0.775 1.0
0.784 1.01
0.793 1.01
0.802 1.01
0.811 1.01
0.8200000000000001 1.0
0.8290000000000001 1.0
0.8380000000000001 1.0
0.8470000000000001 1.0
0.8560000000000001 1.0
0.8650000000000001 1.0
0.8740000000000001 1.0
0.8830000000000001 0.99
0.892 1.0
0.901 1.0
0.91 1.0
0.919 1.0
0.928 1.0
0.937 1.0
0.9460000000000001 1.0
0.9550000000000001 1.0
0.9640000000000001 1.0
0.9730000000000001 0.99
0.9820000000000001 1.0
0.9910000000000001 1.0
