0.1 0.0
0.10900000000000001 0.0
0.11800000000000001 0.0
0.127 0.0
0.136 0.0
0.14500000000000002 0.0
0.15400000000000003 0.0
0.163 0.0
0.17200000000000001 0.0
0.18100000000000002 0.0
0.19 0.0
0.199 0.0
0.20800000000000002 0.0
0.21700000000000003 0.0
0.226 0.0
0.23500000000000001 0.0
0.24400000000000002 0.035341399162615195
0.253 0.6823370933508115
0.262 2.225840796959352
0.271 3.1653922488300195
0.28 2.754807934320622
0.28900000000000003 1.9594006010222587
0.29800000000000004 1.3361748620916258
0.30700000000000005 1.0855692482963764
0.31600000000000006 0.9507579914689841
0.32500000000000007 0.8827324861751644
0.3340000000000001 0.8550433071407549
0.343 0.8550203703347385
0.352 0.856969370924273
0.361 0.8597836755501436
0.37 0.8999700347921893
0.379 0.9768441889731629
0.388 0.976523101400935
0.397 0.9984207397143701
0.406 1.0022239985001218
0.41500000000000004 1.0179660811312123
0.42400000000000004 1.061274451161927
0.43300000000000005 1.1089819003068362
0.44200000000000006 1.1089916796763315
0.45100000000000007 1.0744716208664062
0.4600000000000001 1.0493107655992053
0.4690000000000001 1.0661430777227578
0.4780000000000001 1.0675808764648027
0.4870000000000001 1.0875415105931012
0.496 1.0738310881389685
0.505 1.0534814003394455
0.514 1.0154640233546122
0.523 0.9930923910201421
0.532 0.9675104150923162
0.541 0.9803190351574789
0.55 0.9676088509689305
0.559 0.9560865888427026
0.5680000000000001 0.9550797152374533
0.5770000000000001 0.9434559333720688
0.5860000000000001 0.9506577235146085
0.5950000000000001 0.9684617644584914
0.604 0.9796054478237012
0.613 0.9801799417779204
0.622 0.991462996810999
0.631 1.01190347856899
0.64 1.0239090112941802
0.649 1.0305750058316991
0.658 1.032225012166311
0.667 1.039000658258013
0.676 1.0495167862394827
0.685 1.0427284885489125
0.6940000000000001 1.0458657155243836
0.7030000000000001 1.040717633677701
0.7120000000000001 1.0367097955036428
0.7210000000000001 1.0195343748091676
0.7300000000000001 1.021710127692643
0.7390000000000001 1.0110246641021785
0.7480000000000001 1.0213329628870007
0.757 1.0122498322522069
0.766 1.005228851192452
0.775 1.0070700677353974
0.784 1.0078015743640383
0.793 1.0029006550728046
0.802 0.997667276770306
0.811 1.0343287473772815
0.8200000000000001 1.0289750672536917
0.8290000000000001 1.014331094331537
0.8380000000000001 1.0094273404555039
0.8470000000000001 1.0083531312695648
0.8560000000000001 1.0095371518966836
0.8650000000000001 1.0057953979998338
0.8740000000000001 1.0132334018626739
0.8830000000000001 0.9896308636903004
0.892 0.9830103907828587
0.901 0.9881845169808596
0.91 0.9992763100286455
0.919 0.9934644184656569
0.928 0.9950926978466361
0.937 0.9948293010443967
0.9460000000000001 0.9901921670962573
0.9550000000000001 0.9950368352337332
0.9640000000000001 1.0090200350134175
0.9730000000000001 1.02923237712749
0.9820000000000001 1.0289002721163476
0.9910000000000001 1.0248828868448454
